1979	7.051	16.175
1980	7.667	15.955
1981	7.138	15.604
1982	7.302	15.974
1983	7.395	16.006
1984	6.805	15.299
1985	6.698	15.466
1986	7.411	15.785
1987	7.279	16.05
1988	7.369	15.583
1989	7.008	15.495
1990	6.143	15.578
1991	6.473	15.249
1992	7.474	15.462
1993	6.397	15.686
1994	7.138	15.562
1995	6.08	15.226
1996	7.583	15.155
1997	6.686	15.437
1998	6.536	15.746
1999	6.117	15.309
2000	6.246	15.141
2001	6.732	15.211
2002	5.827	15.342
2003	6.116	15.193
2004	5.984	14.914
2005	5.504	14.373
2006	5.862	14.325
2007	4.267	14.513
2008	4.687	14.953
2009	5.262	14.812
2010	4.865	14.581
2011	4.561	14.363
2012	3.566	14.553
2013	5.208	14.723
2014	5.22	14.418
2015	4.616	14.401
2016	4.528	14.203
2017	4.822	14.12
2018	4.785	13.967
2019	4.364	14.394
2020	4.001	14.642
2021	4.952	14.39
2022	4.897	14.612
2023	4.381	14.189
2024	4.351	14.607